0.22889    18.03264
0.14046    30.81585
0.13755    16.31479
0.81065    34.32432
0.14623    27.85809
0.53268    25.55575
0.06127    19.78622
0.71942    25.56865
0.34044    20.05022
0.39466    23.65740
0.50878    26.56469
0.46235    17.75671
0.59908    35.26799
0.61059    18.72888
0.12019    17.18470
0.41403    24.85136
0.65946    20.55785
0.19986    27.08604
0.67430    16.92956
0.01654    38.29820
0.94330    23.06327
0.49731    27.86738
0.11040    33.33301
0.27239    25.86539
0.13877    18.36380
0.69762    15.80469
0.01297    28.27413
0.43349    15.29321
0.68305    142.22900
0.47745    28.80318
0.18074    52.05316
0.32955    37.40405
0.40390    35.25615
0.08285    37.34792
